%YAML:1.0
---
CornerWidth: 9
CornerHeight: 6
SquareWidth: 20.
SquareHeight: 20.
intrinsicMat1: !!opencv-matrix
   rows: 3
   cols: 3
   dt: d
   data: [ 2.8152892076462172e+03, 0., 1.0071305034591661e+03, 0.,
       2.8182094497224830e+03, 6.1753368401627415e+02, 0., 0., 1. ]
intrinsicMat2: !!opencv-matrix
   rows: 3
   cols: 3
   dt: d
   data: [ 2.4559502582601244e+03, 0., 1.0015940505691242e+03, 0.,
       2.4582998158532064e+03, 5.9536908058190681e+02, 0., 0., 1. ]
distortionCoeffs1: !!opencv-matrix
   rows: 1
   cols: 5
   dt: d
   data: [ -8.7224605469638714e-02, 6.8172900957587323e-01,
       -6.4821204899011297e-04, -3.0241335205874850e-03,
       -4.3120124325925380e+00 ]
distortionCoeffs2: !!opencv-matrix
   rows: 1
   cols: 5
   dt: d
   data: [ -5.2753578791883776e-02, 1.8524396184773059e-01,
       -1.0156571421681979e-04, 2.3649925418724707e-03,
       2.5926986754615952e-02 ]
R1: !!opencv-matrix
   rows: 3
   cols: 3
   dt: d
   data: [ 7.9358629799403368e-01, -2.3570435235692293e-03,
       6.0845314690775731e-01, 5.8734678208483525e-04,
       9.9999499843867556e-01, 3.1077518225487251e-03,
       -6.0845742879833631e-01, -2.1088962660549913e-03,
       7.9358371322542698e-01 ]
R2: !!opencv-matrix
   rows: 3
   cols: 3
   dt: d
   data: [ 9.3932085517074682e-01, -2.1868986500359266e-03,
       3.4303286798146837e-01, 3.1463820480278903e-03,
       9.9999254009539162e-01, -2.2405431426715475e-03,
       -3.4302540914822166e-01, 3.1839013585216029e-03,
       9.3932072874542405e-01 ]
P1: !!opencv-matrix
   rows: 3
   cols: 4
   dt: d
   data: [ 2.6382546327878445e+03, 0., -1.3923595428466797e+03, 0., 0.,
       2.6382546327878445e+03, 6.0587136840820312e+02, 0., 0., 0., 1.,
       0. ]
P2: !!opencv-matrix
   rows: 3
   cols: 4
   dt: d
   data: [ 2.6382546327878445e+03, 0., -1.1772837066650391e+02,
       -7.0104270643543720e+05, 0., 2.6382546327878445e+03,
       6.0587136840820312e+02, 0., 0., 0., 1., 0. ]
Q: !!opencv-matrix
   rows: 4
   cols: 4
   dt: d
   data: [ 1., 0., 0., 1.3923595428466797e+03, 0., 1., 0.,
       -6.0587136840820312e+02, 0., 0., 0., 2.6382546327878445e+03, 0.,
       0., 3.7633294071376458e-03, 4.7968569735199837e+00 ]
extrinsicRotMat: !!opencv-matrix
   rows: 3
   cols: 3
   dt: d
   data: [ 9.5415036656373797e-01, 1.6557511774860790e-03,
       2.9932313053675408e-01, -3.0854188373898809e-03,
       9.9998597866899197e-01, 4.3037955360729560e-03,
       -2.9931180761353593e-01, -5.0300053137840011e-03,
       9.5414209679148998e-01 ]
extrinsicTransMat: !!opencv-matrix
   rows: 3
   cols: 1
   dt: d
   data: [ -2.4959836186255760e+02, 5.8110742203119081e-01,
       -9.1151432912266927e+01 ]
V2RMatLength: 1
V2RMat0: !!opencv-matrix
   rows: 4
   cols: 4
   dt: f
   data: [ 7.37756630e-03, 9.99764264e-01, 2.04232465e-02,
       3.43896179e+01, 9.99785066e-01, -7.77030410e-03, 1.92178041e-02,
       -1.09072395e+02, 1.93719678e-02, 2.02770792e-02, -9.99606669e-01,
       1.14776550e+03, 0., 0., 0., 1. ]
TextureMap: !!opencv-matrix
   rows: 4
   cols: 4
   dt: f
   data: [ 7.93586850e-01, -2.35705730e-03, 6.08452439e-01,
       6.51971553e-04, 5.87409071e-04, 9.99994993e-01, 3.10769677e-03,
       6.37940684e-05, -6.08456731e-01, -2.10881699e-03, 7.93584228e-01,
       -5.70848468e-04, 0., 0., 0., 1. ]
