%YAML:1.0
---
CornerWidth: 9
CornerHeight: 6
SquareWidth: 20.
SquareHeight: 20.
intrinsicMat1: !!opencv-matrix
   rows: 3
   cols: 3
   dt: d
   data: [ 2.6174594203933116e+03, 0., 9.5994456887453816e+02, 0.,
       2.6163876519304331e+03, 6.1405935905529157e+02, 0., 0., 1. ]
intrinsicMat2: !!opencv-matrix
   rows: 3
   cols: 3
   dt: d
   data: [ 2.6185400267271120e+03, 0., 9.8320364714854134e+02, 0.,
       2.6196317027943869e+03, 6.0777420742824916e+02, 0., 0., 1. ]
distortionCoeffs1: !!opencv-matrix
   rows: 1
   cols: 5
   dt: d
   data: [ -6.3478756914520540e-02, 2.3197581012810803e-01,
       -2.7448414554057387e-04, -1.6969008903041885e-03,
       4.4317769700787532e-02 ]
distortionCoeffs2: !!opencv-matrix
   rows: 1
   cols: 5
   dt: d
   data: [ -5.6030052801308468e-02, 1.5946686204789431e-01,
       -1.8338022233266839e-04, 3.4419480573105576e-03,
       3.7598631430563834e-01 ]
R1: !!opencv-matrix
   rows: 3
   cols: 3
   dt: d
   data: [ 9.9014905209781112e-01, -1.6870930807450159e-03,
       1.4000717248320874e-01, 1.7549515924395775e-03,
       9.9999839483149966e-01, -3.6121923011702285e-04,
       -1.4000633833764187e-01, 6.0336668860224048e-04,
       9.9015042350843074e-01 ]
R2: !!opencv-matrix
   rows: 3
   cols: 3
   dt: d
   data: [ 9.8681404229806458e-01, -3.2319846559766548e-03,
       -1.6182583291470226e-01, 3.3104838598920186e-03,
       9.9999449712419630e-01, 2.1544822818508793e-04,
       1.6182424608187432e-01, -7.4832914493898730e-04,
       9.8681931141598755e-01 ]
P1: !!opencv-matrix
   rows: 3
   cols: 4
   dt: d
   data: [ 2.6180096773624100e+03, 0., 5.3636415100097656e+02, 0., 0.,
       2.6180096773624100e+03, 6.1117634582519531e+02, 0., 0., 0., 1.,
       0. ]
P2: !!opencv-matrix
   rows: 3
   cols: 4
   dt: d
   data: [ 2.6180096773624100e+03, 0., 1.4772180480957031e+03,
       -6.2867138550822821e+05, 0., 2.6180096773624100e+03,
       6.1117634582519531e+02, 0., 0., 0., 1., 0. ]
Q: !!opencv-matrix
   rows: 4
   cols: 4
   dt: d
   data: [ 1., 0., 0., -5.3636415100097656e+02, 0., 1., 0.,
       -6.1117634582519531e+02, 0., 0., 0., 2.6180096773624100e+03, 0.,
       0., 4.1643531703705076e-03, 3.9180479092218721e+00 ]
extrinsicRotMat: !!opencv-matrix
   rows: 3
   cols: 3
   dt: d
   data: [ 9.5444237816898692e-01, 1.7432707627584969e-03,
       2.9839019381034676e-01, -1.3404337848967871e-03,
       9.9999789310660114e-01, -1.5546766953499092e-03,
       -2.9839227535644569e-01, 1.0838770255283802e-03,
       9.5444270399966735e-01 ]
extrinsicTransMat: !!opencv-matrix
   rows: 3
   cols: 1
   dt: d
   data: [ -2.3696694346658060e+02, 7.7610724253008601e-01,
       3.8859776367216448e+01 ]
HandEyeSetTypeLength: 1
V2RMatLength: 1
HandEyeMatLength: 1
HandEyeSetType0: EyeToHand
V2RMat0: !!opencv-matrix
   rows: 4
   cols: 4
   dt: f
   data: [ 3.27990651e-02, 9.98243332e-01, 4.93395180e-02,
       1.46297974e+02, 9.99438047e-01, -3.31000090e-02, 5.29450178e-03,
       1.63010345e+02, 6.91833626e-03, 4.91381362e-02, -9.98768032e-01,
       9.18292969e+02, 0., 0., 0., 1. ]
HandEyeMat0: !!opencv-matrix
   rows: 4
   cols: 4
   dt: f
   data: [ 1., 0., 0., 0., 0., 1., 0., 0., 0., 0., 1., 0., 0., 0., 0.,
       1. ]
TextureMap: !!opencv-matrix
   rows: 4
   cols: 4
   dt: f
   data: [ 9.90149021e-01, -1.68707571e-03, 1.40007049e-01,
       1.23145874e-04, 1.75489020e-03, 9.99998450e-01, -3.60910286e-04,
       -2.83846050e-04, -1.40006199e-01, 6.03051973e-04, 9.90150452e-01,
       5.70735756e-06, 0., 0., 0., 1. ]
