%YAML:1.0
---
CornerWidth: 9
CornerHeight: 6
SquareWidth: 20.
SquareHeight: 20.
intrinsicMat1: !!opencv-matrix
   rows: 3
   cols: 3
   dt: d
   data: [ 2.5647568954099661e+03, 0., 9.4576088235259317e+02, 0.,
       2.5635750001172614e+03, 6.1570404853853756e+02, 0., 0., 1. ]
intrinsicMat2: !!opencv-matrix
   rows: 3
   cols: 3
   dt: d
   data: [ 2.4880237708844384e+03, 0., 9.7437477809829795e+02, 0.,
       2.4933785897933039e+03, 5.9226765902339639e+02, 0., 0., 1. ]
distortionCoeffs1: !!opencv-matrix
   rows: 1
   cols: 5
   dt: d
   data: [ -6.9847605259615669e-02, 4.6687346618335179e-01,
       -1.6838538665444252e-04, -1.6987467026351752e-03,
       -1.6652208462641129e+00 ]
distortionCoeffs2: !!opencv-matrix
   rows: 1
   cols: 5
   dt: d
   data: [ -4.2311892898990740e-02, -2.3155469401826254e-01,
       -6.8778870232147431e-07, 2.4601483192819087e-03,
       4.0713823538430995e+00 ]
R1: !!opencv-matrix
   rows: 3
   cols: 3
   dt: d
   data: [ 9.7006310196465761e-01, -1.7064876050870075e-02,
       2.4225269495317261e-01, 1.6543606934953537e-02,
       9.9985438300315521e-01, 4.1859119629566576e-03,
       -2.4228885091206365e-01, -5.2865379098213788e-05,
       9.7020415889077882e-01 ]
R2: !!opencv-matrix
   rows: 3
   cols: 3
   dt: d
   data: [ 9.9862883339561526e-01, -1.9418428189153777e-02,
       -4.8614583795146493e-02, 1.9314535190609633e-02,
       9.9981006078818324e-01, -2.6059695124738443e-03,
       4.8655953811258770e-02, 1.6634282046180974e-03,
       9.9881421253670832e-01 ]
P1: !!opencv-matrix
   rows: 3
   cols: 4
   dt: d
   data: [ 2.5284767949552825e+03, 0., 2.1371839141845703e+02, 0., 0.,
       2.5284767949552825e+03, 6.0171839141845703e+02, 0., 0., 0., 1.,
       0. ]
P2: !!opencv-matrix
   rows: 3
   cols: 4
   dt: d
   data: [ 2.5284767949552825e+03, 0., 1.1168849182128906e+03,
       -5.6864157558612223e+05, 0., 2.5284767949552825e+03,
       6.0171839141845703e+02, 0., 0., 0., 1., 0. ]
Q: !!opencv-matrix
   rows: 4
   cols: 4
   dt: d
   data: [ 1., 0., 0., -2.1371839141845703e+02, 0., 1., 0.,
       -6.0171839141845703e+02, 0., 0., 0., 2.5284767949552825e+03, 0.,
       0., 4.4465211541190553e-03, 4.0159490670836835e+00 ]
extrinsicRotMat: !!opencv-matrix
   rows: 3
   cols: 3
   dt: d
   data: [ 9.5726372077446198e-01, 2.2676731878349485e-03,
       2.8920758383442496e-01, -2.6996661374283958e-03,
       9.9999575658210405e-01, 1.0948152956972205e-03,
       -2.8920387392249641e-01, -1.8287908842851957e-03,
       9.5726578066497414e-01 ]
extrinsicTransMat: !!opencv-matrix
   rows: 3
   cols: 1
   dt: d
   data: [ -2.2458654727652211e+02, 4.3671057701289095e+00,
       1.0933172723155304e+01 ]
V2RMatLength: 1
V2RMat0: !!opencv-matrix
   rows: 4
   cols: 4
   dt: f
   data: [ 7.37756630e-03, 9.99764264e-01, 2.04232465e-02,
       3.43896179e+01, 9.99785066e-01, -7.77030410e-03, 1.92178041e-02,
       -1.09072395e+02, 1.93719678e-02, 2.02770792e-02, -9.99606669e-01,
       1.14776550e+03, 0., 0., 0., 1. ]
TextureMap: !!opencv-matrix
   rows: 4
   cols: 4
   dt: f
   data: [ 9.70063090e-01, -1.70648284e-02, 2.42252558e-01,
       8.01142523e-05, 1.65435933e-02, 9.99854386e-01, 4.18577343e-03,
       1.29471111e-04, -2.42288724e-01, -5.27365846e-05, 9.70204115e-01,
       -4.39404175e-05, 0., 0., 0., 1. ]
