%YAML:1.0
---
CornerWidth: 9
CornerHeight: 6
SquareWidth: 20.
SquareHeight: 20.
intrinsicMat1: !!opencv-matrix
   rows: 3
   cols: 3
   dt: d
   data: [ 2.9928456932990903e+03, 0., 9.5212107631374522e+02, 0.,
       2.9846804762780412e+03, 6.4874729371745718e+02, 0., 0., 1. ]
intrinsicMat2: !!opencv-matrix
   rows: 3
   cols: 3
   dt: d
   data: [ 2.9671244166247066e+03, 0., 1.0201676681989674e+03, 0.,
       2.9504699694083783e+03, 6.2195735593185043e+02, 0., 0., 1. ]
distortionCoeffs1: !!opencv-matrix
   rows: 1
   cols: 5
   dt: d
   data: [ -1.9086357604041462e-01, 3.9743359491374131e+00,
       -3.3582380286280335e-03, -4.8312441081104288e-03,
       -4.4915386460468859e+01 ]
distortionCoeffs2: !!opencv-matrix
   rows: 1
   cols: 5
   dt: d
   data: [ -1.6038950619084280e-01, 7.7219656050753516e-01,
       -5.3393937228946812e-03, 8.1679734964776353e-03,
       9.1820493544049420e-01 ]
R1: !!opencv-matrix
   rows: 3
   cols: 3
   dt: d
   data: [ 9.7925180681567381e-01, -7.5193067964139529e-03,
       2.0250767608547487e-01, 6.9755504021101651e-03,
       9.9996989486039001e-01, 3.3986864356805656e-03,
       -2.0252713532962896e-01, -1.9155673315916861e-03,
       9.7927477760686354e-01 ]
R2: !!opencv-matrix
   rows: 3
   cols: 3
   dt: d
   data: [ 9.9149151493888621e-01, -5.3845835444614812e-03,
       -1.3005991720835836e-01, 5.0364305998303188e-03,
       9.9998280011263219e-01, -3.0056356586358347e-03,
       1.3007386428873940e-01, 2.3250245056956075e-03,
       9.9150158047783377e-01 ]
P1: !!opencv-matrix
   rows: 3
   cols: 4
   dt: d
   data: [ 2.9675752228432098e+03, 0., -9.8189376831054688e+01, 0., 0.,
       2.9675752228432098e+03, 4.9907930755615234e+02, 0., 0., 0., 1.,
       0. ]
P2: !!opencv-matrix
   rows: 3
   cols: 4
   dt: d
   data: [ 2.9675752228432098e+03, 0., 1.4601090545654297e+03,
       -9.6802172049873613e+05, 0., 2.9675752228432098e+03,
       4.9907930755615234e+02, 0., 0., 0., 1., 0. ]
Q: !!opencv-matrix
   rows: 4
   cols: 4
   dt: d
   data: [ 1., 0., 0., 9.8189376831054688e+01, 0., 1., 0.,
       -4.9907930755615234e+02, 0., 0., 0., 2.9675752228432098e+03, 0.,
       0., 3.0656080953579022e-03, 4.7771322862725825e+00 ]
extrinsicRotMat: !!opencv-matrix
   rows: 3
   cols: 3
   dt: d
   data: [ 9.4461150220615653e-01, -2.6682151546081577e-03,
       3.2817981432092541e-01, 1.2316867058553538e-03,
       9.9998873008548084e-01, 4.5850463341252645e-03,
       -3.2818834965258442e-01, -3.9268727909337348e-03,
       9.4460414292040706e-01 ]
extrinsicTransMat: !!opencv-matrix
   rows: 3
   cols: 1
   dt: d
   data: [ -3.2342409208804366e+02, 1.7564487621933889e+00,
       4.2425487264762232e+01 ]
HandEyeSetTypeLength: 1
V2RMatLength: 1
HandEyeMatLength: 1
HandEyeSetType0: EyeToHand
V2RMat0: !!opencv-matrix
   rows: 4
   cols: 4
   dt: f
   data: [ -9.95411515e-01, 7.06031322e-02, 6.45844042e-02,
       3.36992767e+02, 7.36242533e-02, 9.96240377e-01, 4.56571542e-02,
       5.27620811e+01, -6.11180514e-02, 5.02026454e-02, -9.96867061e-01,
       1.04701819e+03, 0., 0., 0., 1. ]
HandEyeMat0: !!opencv-matrix
   rows: 4
   cols: 4
   dt: f
   data: [ 1., 0., 0., 0., 0., 1., 0., 0., 0., 0., 1., 0., 0., 0., 0.,
       1. ]
TextureMap: !!opencv-matrix
   rows: 4
   cols: 4
   dt: f
   data: [ 9.79251742e-01, -7.51930708e-03, 2.02507704e-01,
       -3.99237615e-05, 6.97552972e-03, 9.99969900e-01, 3.39878886e-03,
       -1.10784051e-04, -2.02527180e-01, -1.91567151e-03, 9.79274809e-01,
       -1.35183209e-05, 0., 0., 0., 1. ]
